2011/11/24 0:00:00 .dat file Monthly Record Subbasin  7in ARCGIS-swat2009  interface




 MONTH YEAR          FLOCNST          SEDCNST         ORGNCNST         ORGPCNST          NO3CNST          NH3CNST          NO2CNST         MINPCNST         CBODCNST        DISOXCNST         CHLACNST       SOLPSTCNST       SRBPSTCNST        BACTPCNST       BACTLPCNST        CMTL1CNST        CMTL2CNST        CMTL3CNST
     1 2001 3.1675900000E+05 0.0000000000E+00 0.0000000000E+00 0.0000000000E+00 0.0000000000E+00 1.8670000000E+03 0.0000000000E+00 0.0000000000E+00 6.9030000000E+03 0.0000000000E+00 0.0000000000E+00 0.0000000000E+00 0.0000000000E+00 0.0000000000E+00 0.0000000000E+00 0.0000000000E+00 0.0000000000E+00 0.0000000000E+00
     2 2001 3.1675900000E+05 0.0000000000E+00 0.0000000000E+00 0.0000000000E+00 0.0000000000E+00 1.8670000000E+03 0.0000000000E+00 0.0000000000E+00 6.9030000000E+03 0.0000000000E+00 0.0000000000E+00 0.0000000000E+00 0.0000000000E+00 0.0000000000E+00 0.0000000000E+00 0.0000000000E+00 0.0000000000E+00 0.0000000000E+00
     3 2001 3.1675900000E+05 0.0000000000E+00 0.0000000000E+00 0.0000000000E+00 0.0000000000E+00 1.8670000000E+03 0.0000000000E+00 0.0000000000E+00 6.9030000000E+03 0.0000000000E+00 0.0000000000E+00 0.0000000000E+00 0.0000000000E+00 0.0000000000E+00 0.0000000000E+00 0.0000000000E+00 0.0000000000E+00 0.0000000000E+00
     4 2001 3.1675900000E+05 0.0000000000E+00 0.0000000000E+00 0.0000000000E+00 0.0000000000E+00 1.8670000000E+03 0.0000000000E+00 0.0000000000E+00 6.9030000000E+03 0.0000000000E+00 0.0000000000E+00 0.0000000000E+00 0.0000000000E+00 0.0000000000E+00 0.0000000000E+00 0.0000000000E+00 0.0000000000E+00 0.0000000000E+00
     5 2001 3.1675900000E+05 0.0000000000E+00 0.0000000000E+00 0.0000000000E+00 0.0000000000E+00 1.8670000000E+03 0.0000000000E+00 0.0000000000E+00 6.9030000000E+03 0.0000000000E+00 0.0000000000E+00 0.0000000000E+00 0.0000000000E+00 0.0000000000E+00 0.0000000000E+00 0.0000000000E+00 0.0000000000E+00 0.0000000000E+00
     6 2001 3.1675900000E+05 0.0000000000E+00 0.0000000000E+00 0.0000000000E+00 0.0000000000E+00 1.8670000000E+03 0.0000000000E+00 0.0000000000E+00 6.9030000000E+03 0.0000000000E+00 0.0000000000E+00 0.0000000000E+00 0.0000000000E+00 0.0000000000E+00 0.0000000000E+00 0.0000000000E+00 0.0000000000E+00 0.0000000000E+00
     7 2001 3.1675900000E+05 0.0000000000E+00 0.0000000000E+00 0.0000000000E+00 0.0000000000E+00 1.8670000000E+03 0.0000000000E+00 0.0000000000E+00 6.9030000000E+03 0.0000000000E+00 0.0000000000E+00 0.0000000000E+00 0.0000000000E+00 0.0000000000E+00 0.0000000000E+00 0.0000000000E+00 0.0000000000E+00 0.0000000000E+00
     8 2001 3.1675900000E+05 0.0000000000E+00 0.0000000000E+00 0.0000000000E+00 0.0000000000E+00 1.8670000000E+03 0.0000000000E+00 0.0000000000E+00 6.9030000000E+03 0.0000000000E+00 0.0000000000E+00 0.0000000000E+00 0.0000000000E+00 0.0000000000E+00 0.0000000000E+00 0.0000000000E+00 0.0000000000E+00 0.0000000000E+00
     9 2001 3.1675900000E+05 0.0000000000E+00 0.0000000000E+00 0.0000000000E+00 0.0000000000E+00 1.8670000000E+03 0.0000000000E+00 0.0000000000E+00 6.9030000000E+03 0.0000000000E+00 0.0000000000E+00 0.0000000000E+00 0.0000000000E+00 0.0000000000E+00 0.0000000000E+00 0.0000000000E+00 0.0000000000E+00 0.0000000000E+00
    10 2001 3.1675900000E+05 0.0000000000E+00 0.0000000000E+00 0.0000000000E+00 0.0000000000E+00 1.8670000000E+03 0.0000000000E+00 0.0000000000E+00 6.9030000000E+03 0.0000000000E+00 0.0000000000E+00 0.0000000000E+00 0.0000000000E+00 0.0000000000E+00 0.0000000000E+00 0.0000000000E+00 0.0000000000E+00 0.0000000000E+00
    11 2001 3.1675900000E+05 0.0000000000E+00 0.0000000000E+00 0.0000000000E+00 0.0000000000E+00 1.8670000000E+03 0.0000000000E+00 0.0000000000E+00 6.9030000000E+03 0.0000000000E+00 0.0000000000E+00 0.0000000000E+00 0.0000000000E+00 0.0000000000E+00 0.0000000000E+00 0.0000000000E+00 0.0000000000E+00 0.0000000000E+00
    12 2001 3.1675900000E+05 0.0000000000E+00 0.0000000000E+00 0.0000000000E+00 0.0000000000E+00 1.8670000000E+03 0.0000000000E+00 0.0000000000E+00 6.9030000000E+03 0.0000000000E+00 0.0000000000E+00 0.0000000000E+00 0.0000000000E+00 0.0000000000E+00 0.0000000000E+00 0.0000000000E+00 0.0000000000E+00 0.0000000000E+00
     1 2002 7.2854600000E+05 0.0000000000E+00 0.0000000000E+00 0.0000000000E+00 0.0000000000E+00 2.1460000000E+03 0.0000000000E+00 0.0000000000E+00 2.4123000000E+04 0.0000000000E+00 0.0000000000E+00 0.0000000000E+00 0.0000000000E+00 0.0000000000E+00 0.0000000000E+00 0.0000000000E+00 0.0000000000E+00 0.0000000000E+00
     2 2002 7.2854600000E+05 0.0000000000E+00 0.0000000000E+00 0.0000000000E+00 0.0000000000E+00 2.1460000000E+03 0.0000000000E+00 0.0000000000E+00 2.4123000000E+04 0.0000000000E+00 0.0000000000E+00 0.0000000000E+00 0.0000000000E+00 0.0000000000E+00 0.0000000000E+00 0.0000000000E+00 0.0000000000E+00 0.0000000000E+00
     3 2002 7.2854600000E+05 0.0000000000E+00 0.0000000000E+00 0.0000000000E+00 0.0000000000E+00 2.1460000000E+03 0.0000000000E+00 0.0000000000E+00 2.4123000000E+04 0.0000000000E+00 0.0000000000E+00 0.0000000000E+00 0.0000000000E+00 0.0000000000E+00 0.0000000000E+00 0.0000000000E+00 0.0000000000E+00 0.0000000000E+00
     4 2002 7.2854600000E+05 0.0000000000E+00 0.0000000000E+00 0.0000000000E+00 0.0000000000E+00 2.1460000000E+03 0.0000000000E+00 0.0000000000E+00 2.4123000000E+04 0.0000000000E+00 0.0000000000E+00 0.0000000000E+00 0.0000000000E+00 0.0000000000E+00 0.0000000000E+00 0.0000000000E+00 0.0000000000E+00 0.0000000000E+00
     5 2002 7.2854600000E+05 0.0000000000E+00 0.0000000000E+00 0.0000000000E+00 0.0000000000E+00 2.1460000000E+03 0.0000000000E+00 0.0000000000E+00 2.4123000000E+04 0.0000000000E+00 0.0000000000E+00 0.0000000000E+00 0.0000000000E+00 0.0000000000E+00 0.0000000000E+00 0.0000000000E+00 0.0000000000E+00 0.0000000000E+00
     6 2002 7.2854600000E+05 0.0000000000E+00 0.0000000000E+00 0.0000000000E+00 0.0000000000E+00 2.1460000000E+03 0.0000000000E+00 0.0000000000E+00 2.4123000000E+04 0.0000000000E+00 0.0000000000E+00 0.0000000000E+00 0.0000000000E+00 0.0000000000E+00 0.0000000000E+00 0.0000000000E+00 0.0000000000E+00 0.0000000000E+00
     7 2002 7.2854600000E+05 0.0000000000E+00 0.0000000000E+00 0.0000000000E+00 0.0000000000E+00 2.1460000000E+03 0.0000000000E+00 0.0000000000E+00 2.4123000000E+04 0.0000000000E+00 0.0000000000E+00 0.0000000000E+00 0.0000000000E+00 0.0000000000E+00 0.0000000000E+00 0.0000000000E+00 0.0000000000E+00 0.0000000000E+00
     8 2002 7.2854600000E+05 0.0000000000E+00 0.0000000000E+00 0.0000000000E+00 0.0000000000E+00 2.1460000000E+03 0.0000000000E+00 0.0000000000E+00 2.4123000000E+04 0.0000000000E+00 0.0000000000E+00 0.0000000000E+00 0.0000000000E+00 0.0000000000E+00 0.0000000000E+00 0.0000000000E+00 0.0000000000E+00 0.0000000000E+00
     9 2002 7.2854600000E+05 0.0000000000E+00 0.0000000000E+00 0.0000000000E+00 0.0000000000E+00 2.1460000000E+03 0.0000000000E+00 0.0000000000E+00 2.4123000000E+04 0.0000000000E+00 0.0000000000E+00 0.0000000000E+00 0.0000000000E+00 0.0000000000E+00 0.0000000000E+00 0.0000000000E+00 0.0000000000E+00 0.0000000000E+00
    10 2002 7.2854600000E+05 0.0000000000E+00 0.0000000000E+00 0.0000000000E+00 0.0000000000E+00 2.1460000000E+03 0.0000000000E+00 0.0000000000E+00 2.4123000000E+04 0.0000000000E+00 0.0000000000E+00 0.0000000000E+00 0.0000000000E+00 0.0000000000E+00 0.0000000000E+00 0.0000000000E+00 0.0000000000E+00 0.0000000000E+00
    11 2002 7.2854600000E+05 0.0000000000E+00 0.0000000000E+00 0.0000000000E+00 0.0000000000E+00 2.1460000000E+03 0.0000000000E+00 0.0000000000E+00 2.4123000000E+04 0.0000000000E+00 0.0000000000E+00 0.0000000000E+00 0.0000000000E+00 0.0000000000E+00 0.0000000000E+00 0.0000000000E+00 0.0000000000E+00 0.0000000000E+00
    12 2002 7.2854600000E+05 0.0000000000E+00 0.0000000000E+00 0.0000000000E+00 0.0000000000E+00 2.1460000000E+03 0.0000000000E+00 0.0000000000E+00 2.4123000000E+04 0.0000000000E+00 0.0000000000E+00 0.0000000000E+00 0.0000000000E+00 0.0000000000E+00 0.0000000000E+00 0.0000000000E+00 0.0000000000E+00 0.0000000000E+00
     1 2003 6.3351800000E+05 0.0000000000E+00 0.0000000000E+00 0.0000000000E+00 0.0000000000E+00 2.1460000000E+03 0.0000000000E+00 0.0000000000E+00 1.8556000000E+04 0.0000000000E+00 0.0000000000E+00 0.0000000000E+00 0.0000000000E+00 0.0000000000E+00 0.0000000000E+00 0.0000000000E+00 0.0000000000E+00 0.0000000000E+00
     2 2003 6.3351800000E+05 0.0000000000E+00 0.0000000000E+00 0.0000000000E+00 0.0000000000E+00 2.1460000000E+03 0.0000000000E+00 0.0000000000E+00 1.8556000000E+04 0.0000000000E+00 0.0000000000E+00 0.0000000000E+00 0.0000000000E+00 0.0000000000E+00 0.0000000000E+00 0.0000000000E+00 0.0000000000E+00 0.0000000000E+00
     3 2003 6.3351800000E+05 0.0000000000E+00 0.0000000000E+00 0.0000000000E+00 0.0000000000E+00 2.1460000000E+03 0.0000000000E+00 0.0000000000E+00 1.8556000000E+04 0.0000000000E+00 0.0000000000E+00 0.0000000000E+00 0.0000000000E+00 0.0000000000E+00 0.0000000000E+00 0.0000000000E+00 0.0000000000E+00 0.0000000000E+00
     4 2003 6.3351800000E+05 0.0000000000E+00 0.0000000000E+00 0.0000000000E+00 0.0000000000E+00 2.1460000000E+03 0.0000000000E+00 0.0000000000E+00 1.8556000000E+04 0.0000000000E+00 0.0000000000E+00 0.0000000000E+00 0.0000000000E+00 0.0000000000E+00 0.0000000000E+00 0.0000000000E+00 0.0000000000E+00 0.0000000000E+00
     5 2003 6.3351800000E+05 0.0000000000E+00 0.0000000000E+00 0.0000000000E+00 0.0000000000E+00 2.1460000000E+03 0.0000000000E+00 0.0000000000E+00 1.8556000000E+04 0.0000000000E+00 0.0000000000E+00 0.0000000000E+00 0.0000000000E+00 0.0000000000E+00 0.0000000000E+00 0.0000000000E+00 0.0000000000E+00 0.0000000000E+00
     6 2003 6.3351800000E+05 0.0000000000E+00 0.0000000000E+00 0.0000000000E+00 0.0000000000E+00 2.1460000000E+03 0.0000000000E+00 0.0000000000E+00 1.8556000000E+04 0.0000000000E+00 0.0000000000E+00 0.0000000000E+00 0.0000000000E+00 0.0000000000E+00 0.0000000000E+00 0.0000000000E+00 0.0000000000E+00 0.0000000000E+00
     7 2003 6.3351800000E+05 0.0000000000E+00 0.0000000000E+00 0.0000000000E+00 0.0000000000E+00 2.1460000000E+03 0.0000000000E+00 0.0000000000E+00 1.8556000000E+04 0.0000000000E+00 0.0000000000E+00 0.0000000000E+00 0.0000000000E+00 0.0000000000E+00 0.0000000000E+00 0.0000000000E+00 0.0000000000E+00 0.0000000000E+00
     8 2003 6.3351800000E+05 0.0000000000E+00 0.0000000000E+00 0.0000000000E+00 0.0000000000E+00 2.1460000000E+03 0.0000000000E+00 0.0000000000E+00 1.8556000000E+04 0.0000000000E+00 0.0000000000E+00 0.0000000000E+00 0.0000000000E+00 0.0000000000E+00 0.0000000000E+00 0.0000000000E+00 0.0000000000E+00 0.0000000000E+00
     9 2003 6.3351800000E+05 0.0000000000E+00 0.0000000000E+00 0.0000000000E+00 0.0000000000E+00 2.1460000000E+03 0.0000000000E+00 0.0000000000E+00 1.8556000000E+04 0.0000000000E+00 0.0000000000E+00 0.0000000000E+00 0.0000000000E+00 0.0000000000E+00 0.0000000000E+00 0.0000000000E+00 0.0000000000E+00 0.0000000000E+00
    10 2003 6.3351800000E+05 0.0000000000E+00 0.0000000000E+00 0.0000000000E+00 0.0000000000E+00 2.1460000000E+03 0.0000000000E+00 0.0000000000E+00 1.8556000000E+04 0.0000000000E+00 0.0000000000E+00 0.0000000000E+00 0.0000000000E+00 0.0000000000E+00 0.0000000000E+00 0.0000000000E+00 0.0000000000E+00 0.0000000000E+00
    11 2003 6.3351800000E+05 0.0000000000E+00 0.0000000000E+00 0.0000000000E+00 0.0000000000E+00 2.1460000000E+03 0.0000000000E+00 0.0000000000E+00 1.8556000000E+04 0.0000000000E+00 0.0000000000E+00 0.0000000000E+00 0.0000000000E+00 0.0000000000E+00 0.0000000000E+00 0.0000000000E+00 0.0000000000E+00 0.0000000000E+00
    12 2003 6.3351800000E+05 0.0000000000E+00 0.0000000000E+00 0.0000000000E+00 0.0000000000E+00 2.1460000000E+03 0.0000000000E+00 0.0000000000E+00 1.8556000000E+04 0.0000000000E+00 0.0000000000E+00 0.0000000000E+00 0.0000000000E+00 0.0000000000E+00 0.0000000000E+00 0.0000000000E+00 0.0000000000E+00 0.0000000000E+00
     1 2004 3.1675900000E+05 0.0000000000E+00 0.0000000000E+00 0.0000000000E+00 0.0000000000E+00 2.1460000000E+03 0.0000000000E+00 0.0000000000E+00 7.4220000000E+03 0.0000000000E+00 0.0000000000E+00 0.0000000000E+00 0.0000000000E+00 0.0000000000E+00 0.0000000000E+00 0.0000000000E+00 0.0000000000E+00 0.0000000000E+00
     2 2004 3.1675900000E+05 0.0000000000E+00 0.0000000000E+00 0.0000000000E+00 0.0000000000E+00 2.1460000000E+03 0.0000000000E+00 0.0000000000E+00 7.4220000000E+03 0.0000000000E+00 0.0000000000E+00 0.0000000000E+00 0.0000000000E+00 0.0000000000E+00 0.0000000000E+00 0.0000000000E+00 0.0000000000E+00 0.0000000000E+00
     3 2004 3.1675900000E+05 0.0000000000E+00 0.0000000000E+00 0.0000000000E+00 0.0000000000E+00 2.1460000000E+03 0.0000000000E+00 0.0000000000E+00 7.4220000000E+03 0.0000000000E+00 0.0000000000E+00 0.0000000000E+00 0.0000000000E+00 0.0000000000E+00 0.0000000000E+00 0.0000000000E+00 0.0000000000E+00 0.0000000000E+00
     4 2004 3.1675900000E+05 0.0000000000E+00 0.0000000000E+00 0.0000000000E+00 0.0000000000E+00 2.1460000000E+03 0.0000000000E+00 0.0000000000E+00 7.4220000000E+03 0.0000000000E+00 0.0000000000E+00 0.0000000000E+00 0.0000000000E+00 0.0000000000E+00 0.0000000000E+00 0.0000000000E+00 0.0000000000E+00 0.0000000000E+00
     5 2004 3.1675900000E+05 0.0000000000E+00 0.0000000000E+00 0.0000000000E+00 0.0000000000E+00 2.1460000000E+03 0.0000000000E+00 0.0000000000E+00 7.4220000000E+03 0.0000000000E+00 0.0000000000E+00 0.0000000000E+00 0.0000000000E+00 0.0000000000E+00 0.0000000000E+00 0.0000000000E+00 0.0000000000E+00 0.0000000000E+00
     6 2004 3.1675900000E+05 0.0000000000E+00 0.0000000000E+00 0.0000000000E+00 0.0000000000E+00 2.1460000000E+03 0.0000000000E+00 0.0000000000E+00 7.4220000000E+03 0.0000000000E+00 0.0000000000E+00 0.0000000000E+00 0.0000000000E+00 0.0000000000E+00 0.0000000000E+00 0.0000000000E+00 0.0000000000E+00 0.0000000000E+00
     7 2004 3.1675900000E+05 0.0000000000E+00 0.0000000000E+00 0.0000000000E+00 0.0000000000E+00 2.1460000000E+03 0.0000000000E+00 0.0000000000E+00 7.4220000000E+03 0.0000000000E+00 0.0000000000E+00 0.0000000000E+00 0.0000000000E+00 0.0000000000E+00 0.0000000000E+00 0.0000000000E+00 0.0000000000E+00 0.0000000000E+00
     8 2004 3.1675900000E+05 0.0000000000E+00 0.0000000000E+00 0.0000000000E+00 0.0000000000E+00 2.1460000000E+03 0.0000000000E+00 0.0000000000E+00 7.4220000000E+03 0.0000000000E+00 0.0000000000E+00 0.0000000000E+00 0.0000000000E+00 0.0000000000E+00 0.0000000000E+00 0.0000000000E+00 0.0000000000E+00 0.0000000000E+00
     9 2004 3.1675900000E+05 0.0000000000E+00 0.0000000000E+00 0.0000000000E+00 0.0000000000E+00 2.1460000000E+03 0.0000000000E+00 0.0000000000E+00 7.4220000000E+03 0.0000000000E+00 0.0000000000E+00 0.0000000000E+00 0.0000000000E+00 0.0000000000E+00 0.0000000000E+00 0.0000000000E+00 0.0000000000E+00 0.0000000000E+00
    10 2004 3.1675900000E+05 0.0000000000E+00 0.0000000000E+00 0.0000000000E+00 0.0000000000E+00 2.1460000000E+03 0.0000000000E+00 0.0000000000E+00 7.4220000000E+03 0.0000000000E+00 0.0000000000E+00 0.0000000000E+00 0.0000000000E+00 0.0000000000E+00 0.0000000000E+00 0.0000000000E+00 0.0000000000E+00 0.0000000000E+00
    11 2004 3.1675900000E+05 0.0000000000E+00 0.0000000000E+00 0.0000000000E+00 0.0000000000E+00 2.1460000000E+03 0.0000000000E+00 0.0000000000E+00 7.4220000000E+03 0.0000000000E+00 0.0000000000E+00 0.0000000000E+00 0.0000000000E+00 0.0000000000E+00 0.0000000000E+00 0.0000000000E+00 0.0000000000E+00 0.0000000000E+00
    12 2004 3.1675900000E+05 0.0000000000E+00 0.0000000000E+00 0.0000000000E+00 0.0000000000E+00 2.1460000000E+03 0.0000000000E+00 0.0000000000E+00 7.4220000000E+03 0.0000000000E+00 0.0000000000E+00 0.0000000000E+00 0.0000000000E+00 0.0000000000E+00 0.0000000000E+00 0.0000000000E+00 0.0000000000E+00 0.0000000000E+00
     1 2005 2.5340700000E+05 0.0000000000E+00 0.0000000000E+00 0.0000000000E+00 0.0000000000E+00 1.6960000000E+03 0.0000000000E+00 0.0000000000E+00 5.9380000000E+03 0.0000000000E+00 0.0000000000E+00 0.0000000000E+00 0.0000000000E+00 0.0000000000E+00 0.0000000000E+00 0.0000000000E+00 0.0000000000E+00 0.0000000000E+00
     2 2005 2.5340700000E+05 0.0000000000E+00 0.0000000000E+00 0.0000000000E+00 0.0000000000E+00 1.6960000000E+03 0.0000000000E+00 0.0000000000E+00 5.9380000000E+03 0.0000000000E+00 0.0000000000E+00 0.0000000000E+00 0.0000000000E+00 0.0000000000E+00 0.0000000000E+00 0.0000000000E+00 0.0000000000E+00 0.0000000000E+00
     3 2005 2.5340700000E+05 0.0000000000E+00 0.0000000000E+00 0.0000000000E+00 0.0000000000E+00 1.6960000000E+03 0.0000000000E+00 0.0000000000E+00 5.9380000000E+03 0.0000000000E+00 0.0000000000E+00 0.0000000000E+00 0.0000000000E+00 0.0000000000E+00 0.0000000000E+00 0.0000000000E+00 0.0000000000E+00 0.0000000000E+00
     4 2005 2.5340700000E+05 0.0000000000E+00 0.0000000000E+00 0.0000000000E+00 0.0000000000E+00 1.6960000000E+03 0.0000000000E+00 0.0000000000E+00 5.9380000000E+03 0.0000000000E+00 0.0000000000E+00 0.0000000000E+00 0.0000000000E+00 0.0000000000E+00 0.0000000000E+00 0.0000000000E+00 0.0000000000E+00 0.0000000000E+00
     5 2005 2.5340700000E+05 0.0000000000E+00 0.0000000000E+00 0.0000000000E+00 0.0000000000E+00 1.6960000000E+03 0.0000000000E+00 0.0000000000E+00 5.9380000000E+03 0.0000000000E+00 0.0000000000E+00 0.0000000000E+00 0.0000000000E+00 0.0000000000E+00 0.0000000000E+00 0.0000000000E+00 0.0000000000E+00 0.0000000000E+00
     6 2005 2.5340700000E+05 0.0000000000E+00 0.0000000000E+00 0.0000000000E+00 0.0000000000E+00 1.6960000000E+03 0.0000000000E+00 0.0000000000E+00 5.9380000000E+03 0.0000000000E+00 0.0000000000E+00 0.0000000000E+00 0.0000000000E+00 0.0000000000E+00 0.0000000000E+00 0.0000000000E+00 0.0000000000E+00 0.0000000000E+00
     7 2005 2.5340700000E+05 0.0000000000E+00 0.0000000000E+00 0.0000000000E+00 0.0000000000E+00 1.6960000000E+03 0.0000000000E+00 0.0000000000E+00 5.9380000000E+03 0.0000000000E+00 0.0000000000E+00 0.0000000000E+00 0.0000000000E+00 0.0000000000E+00 0.0000000000E+00 0.0000000000E+00 0.0000000000E+00 0.0000000000E+00
     8 2005 2.5340700000E+05 0.0000000000E+00 0.0000000000E+00 0.0000000000E+00 0.0000000000E+00 1.6960000000E+03 0.0000000000E+00 0.0000000000E+00 5.9380000000E+03 0.0000000000E+00 0.0000000000E+00 0.0000000000E+00 0.0000000000E+00 0.0000000000E+00 0.0000000000E+00 0.0000000000E+00 0.0000000000E+00 0.0000000000E+00
     9 2005 2.5340700000E+05 0.0000000000E+00 0.0000000000E+00 0.0000000000E+00 0.0000000000E+00 1.6960000000E+03 0.0000000000E+00 0.0000000000E+00 5.9380000000E+03 0.0000000000E+00 0.0000000000E+00 0.0000000000E+00 0.0000000000E+00 0.0000000000E+00 0.0000000000E+00 0.0000000000E+00 0.0000000000E+00 0.0000000000E+00
    10 2005 2.5340700000E+05 0.0000000000E+00 0.0000000000E+00 0.0000000000E+00 0.0000000000E+00 1.6960000000E+03 0.0000000000E+00 0.0000000000E+00 5.9380000000E+03 0.0000000000E+00 0.0000000000E+00 0.0000000000E+00 0.0000000000E+00 0.0000000000E+00 0.0000000000E+00 0.0000000000E+00 0.0000000000E+00 0.0000000000E+00
    11 2005 2.5340700000E+05 0.0000000000E+00 0.0000000000E+00 0.0000000000E+00 0.0000000000E+00 1.6960000000E+03 0.0000000000E+00 0.0000000000E+00 5.9380000000E+03 0.0000000000E+00 0.0000000000E+00 0.0000000000E+00 0.0000000000E+00 0.0000000000E+00 0.0000000000E+00 0.0000000000E+00 0.0000000000E+00 0.0000000000E+00
    12 2005 2.5340700000E+05 0.0000000000E+00 0.0000000000E+00 0.0000000000E+00 0.0000000000E+00 1.6960000000E+03 0.0000000000E+00 0.0000000000E+00 1.8020000000E+03 0.0000000000E+00 0.0000000000E+00 0.0000000000E+00 0.0000000000E+00 0.0000000000E+00 0.0000000000E+00 0.0000000000E+00 0.0000000000E+00 0.0000000000E+00
     1 2006 1.2670400000E+05 0.0000000000E+00 0.0000000000E+00 0.0000000000E+00 0.0000000000E+00 1.0090000000E+03 0.0000000000E+00 0.0000000000E+00 2.6720000000E+03 0.0000000000E+00 0.0000000000E+00 0.0000000000E+00 0.0000000000E+00 0.0000000000E+00 0.0000000000E+00 0.0000000000E+00 0.0000000000E+00 0.0000000000E+00
     2 2006 1.2670400000E+05 0.0000000000E+00 0.0000000000E+00 0.0000000000E+00 0.0000000000E+00 1.0090000000E+03 0.0000000000E+00 0.0000000000E+00 2.6720000000E+03 0.0000000000E+00 0.0000000000E+00 0.0000000000E+00 0.0000000000E+00 0.0000000000E+00 0.0000000000E+00 0.0000000000E+00 0.0000000000E+00 0.0000000000E+00
     3 2006 1.2670400000E+05 0.0000000000E+00 0.0000000000E+00 0.0000000000E+00 0.0000000000E+00 1.0090000000E+03 0.0000000000E+00 0.0000000000E+00 2.6720000000E+03 0.0000000000E+00 0.0000000000E+00 0.0000000000E+00 0.0000000000E+00 0.0000000000E+00 0.0000000000E+00 0.0000000000E+00 0.0000000000E+00 0.0000000000E+00
     4 2006 1.2670400000E+05 0.0000000000E+00 0.0000000000E+00 0.0000000000E+00 0.0000000000E+00 1.0090000000E+03 0.0000000000E+00 0.0000000000E+00 2.6720000000E+03 0.0000000000E+00 0.0000000000E+00 0.0000000000E+00 0.0000000000E+00 0.0000000000E+00 0.0000000000E+00 0.0000000000E+00 0.0000000000E+00 0.0000000000E+00
     5 2006 1.2670400000E+05 0.0000000000E+00 0.0000000000E+00 0.0000000000E+00 0.0000000000E+00 1.0090000000E+03 0.0000000000E+00 0.0000000000E+00 2.6720000000E+03 0.0000000000E+00 0.0000000000E+00 0.0000000000E+00 0.0000000000E+00 0.0000000000E+00 0.0000000000E+00 0.0000000000E+00 0.0000000000E+00 0.0000000000E+00
     6 2006 1.2670400000E+05 0.0000000000E+00 0.0000000000E+00 0.0000000000E+00 0.0000000000E+00 1.0090000000E+03 0.0000000000E+00 0.0000000000E+00 2.6720000000E+03 0.0000000000E+00 0.0000000000E+00 0.0000000000E+00 0.0000000000E+00 0.0000000000E+00 0.0000000000E+00 0.0000000000E+00 0.0000000000E+00 0.0000000000E+00
     7 2006 1.2670400000E+05 0.0000000000E+00 0.0000000000E+00 0.0000000000E+00 0.0000000000E+00 1.0090000000E+03 0.0000000000E+00 0.0000000000E+00 2.6720000000E+03 0.0000000000E+00 0.0000000000E+00 0.0000000000E+00 0.0000000000E+00 0.0000000000E+00 0.0000000000E+00 0.0000000000E+00 0.0000000000E+00 0.0000000000E+00
     8 2006 1.2670400000E+05 0.0000000000E+00 0.0000000000E+00 0.0000000000E+00 0.0000000000E+00 1.0090000000E+03 0.0000000000E+00 0.0000000000E+00 2.6720000000E+03 0.0000000000E+00 0.0000000000E+00 0.0000000000E+00 0.0000000000E+00 0.0000000000E+00 0.0000000000E+00 0.0000000000E+00 0.0000000000E+00 0.0000000000E+00
     9 2006 1.2670400000E+05 0.0000000000E+00 0.0000000000E+00 0.0000000000E+00 0.0000000000E+00 1.0090000000E+03 0.0000000000E+00 0.0000000000E+00 2.6720000000E+03 0.0000000000E+00 0.0000000000E+00 0.0000000000E+00 0.0000000000E+00 0.0000000000E+00 0.0000000000E+00 0.0000000000E+00 0.0000000000E+00 0.0000000000E+00
    10 2006 1.2670400000E+05 0.0000000000E+00 0.0000000000E+00 0.0000000000E+00 0.0000000000E+00 1.0090000000E+03 0.0000000000E+00 0.0000000000E+00 2.6720000000E+03 0.0000000000E+00 0.0000000000E+00 0.0000000000E+00 0.0000000000E+00 0.0000000000E+00 0.0000000000E+00 0.0000000000E+00 0.0000000000E+00 0.0000000000E+00
    11 2006 1.2670400000E+05 0.0000000000E+00 0.0000000000E+00 0.0000000000E+00 0.0000000000E+00 1.0090000000E+03 0.0000000000E+00 0.0000000000E+00 2.6720000000E+03 0.0000000000E+00 0.0000000000E+00 0.0000000000E+00 0.0000000000E+00 0.0000000000E+00 0.0000000000E+00 0.0000000000E+00 0.0000000000E+00 0.0000000000E+00
    12 2006 1.2670400000E+05 0.0000000000E+00 0.0000000000E+00 0.0000000000E+00 0.0000000000E+00 1.0090000000E+03 0.0000000000E+00 0.0000000000E+00 2.6720000000E+03 0.0000000000E+00 0.0000000000E+00 0.0000000000E+00 0.0000000000E+00 0.0000000000E+00 0.0000000000E+00 0.0000000000E+00 0.0000000000E+00 0.0000000000E+00
     1 2007 1.2670400000E+05 0.0000000000E+00 0.0000000000E+00 0.0000000000E+00 0.0000000000E+00 1.0950000000E+03 0.0000000000E+00 0.0000000000E+00 2.8950000000E+03 0.0000000000E+00 0.0000000000E+00 0.0000000000E+00 0.0000000000E+00 0.0000000000E+00 0.0000000000E+00 0.0000000000E+00 0.0000000000E+00 0.0000000000E+00
     2 2007 1.2670400000E+05 0.0000000000E+00 0.0000000000E+00 0.0000000000E+00 0.0000000000E+00 1.0950000000E+03 0.0000000000E+00 0.0000000000E+00 2.8950000000E+03 0.0000000000E+00 0.0000000000E+00 0.0000000000E+00 0.0000000000E+00 0.0000000000E+00 0.0000000000E+00 0.0000000000E+00 0.0000000000E+00 0.0000000000E+00
     3 2007 1.2670400000E+05 0.0000000000E+00 0.0000000000E+00 0.0000000000E+00 0.0000000000E+00 1.0950000000E+03 0.0000000000E+00 0.0000000000E+00 2.8950000000E+03 0.0000000000E+00 0.0000000000E+00 0.0000000000E+00 0.0000000000E+00 0.0000000000E+00 0.0000000000E+00 0.0000000000E+00 0.0000000000E+00 0.0000000000E+00
     4 2007 1.2670400000E+05 0.0000000000E+00 0.0000000000E+00 0.0000000000E+00 0.0000000000E+00 1.0950000000E+03 0.0000000000E+00 0.0000000000E+00 2.8950000000E+03 0.0000000000E+00 0.0000000000E+00 0.0000000000E+00 0.0000000000E+00 0.0000000000E+00 0.0000000000E+00 0.0000000000E+00 0.0000000000E+00 0.0000000000E+00
     5 2007 1.2670400000E+05 0.0000000000E+00 0.0000000000E+00 0.0000000000E+00 0.0000000000E+00 1.0950000000E+03 0.0000000000E+00 0.0000000000E+00 2.8950000000E+03 0.0000000000E+00 0.0000000000E+00 0.0000000000E+00 0.0000000000E+00 0.0000000000E+00 0.0000000000E+00 0.0000000000E+00 0.0000000000E+00 0.0000000000E+00
     6 2007 1.2670400000E+05 0.0000000000E+00 0.0000000000E+00 0.0000000000E+00 0.0000000000E+00 1.0950000000E+03 0.0000000000E+00 0.0000000000E+00 2.8950000000E+03 0.0000000000E+00 0.0000000000E+00 0.0000000000E+00 0.0000000000E+00 0.0000000000E+00 0.0000000000E+00 0.0000000000E+00 0.0000000000E+00 0.0000000000E+00
     7 2007 1.2670400000E+05 0.0000000000E+00 0.0000000000E+00 0.0000000000E+00 0.0000000000E+00 1.0950000000E+03 0.0000000000E+00 0.0000000000E+00 2.8950000000E+03 0.0000000000E+00 0.0000000000E+00 0.0000000000E+00 0.0000000000E+00 0.0000000000E+00 0.0000000000E+00 0.0000000000E+00 0.0000000000E+00 0.0000000000E+00
     8 2007 1.2670400000E+05 0.0000000000E+00 0.0000000000E+00 0.0000000000E+00 0.0000000000E+00 1.0950000000E+03 0.0000000000E+00 0.0000000000E+00 2.8950000000E+03 0.0000000000E+00 0.0000000000E+00 0.0000000000E+00 0.0000000000E+00 0.0000000000E+00 0.0000000000E+00 0.0000000000E+00 0.0000000000E+00 0.0000000000E+00
     9 2007 1.2670400000E+05 0.0000000000E+00 0.0000000000E+00 0.0000000000E+00 0.0000000000E+00 1.0950000000E+03 0.0000000000E+00 0.0000000000E+00 2.8950000000E+03 0.0000000000E+00 0.0000000000E+00 0.0000000000E+00 0.0000000000E+00 0.0000000000E+00 0.0000000000E+00 0.0000000000E+00 0.0000000000E+00 0.0000000000E+00
    10 2007 1.2670400000E+05 0.0000000000E+00 0.0000000000E+00 0.0000000000E+00 0.0000000000E+00 1.0950000000E+03 0.0000000000E+00 0.0000000000E+00 2.8950000000E+03 0.0000000000E+00 0.0000000000E+00 0.0000000000E+00 0.0000000000E+00 0.0000000000E+00 0.0000000000E+00 0.0000000000E+00 0.0000000000E+00 0.0000000000E+00
    11 2007 1.2670400000E+05 0.0000000000E+00 0.0000000000E+00 0.0000000000E+00 0.0000000000E+00 1.0950000000E+03 0.0000000000E+00 0.0000000000E+00 2.8950000000E+03 0.0000000000E+00 0.0000000000E+00 0.0000000000E+00 0.0000000000E+00 0.0000000000E+00 0.0000000000E+00 0.0000000000E+00 0.0000000000E+00 0.0000000000E+00
    12 2007 1.2670400000E+05 0.0000000000E+00 0.0000000000E+00 0.0000000000E+00 0.0000000000E+00 1.0950000000E+03 0.0000000000E+00 0.0000000000E+00 2.8950000000E+03 0.0000000000E+00 0.0000000000E+00 0.0000000000E+00 0.0000000000E+00 0.0000000000E+00 0.0000000000E+00 0.0000000000E+00 0.0000000000E+00 0.0000000000E+00
     1 2008 9.5028000000E+04 0.0000000000E+00 0.0000000000E+00 0.0000000000E+00 0.0000000000E+00 7.7300000000E+02 0.0000000000E+00 0.0000000000E+00 9.6500000000E+02 0.0000000000E+00 0.0000000000E+00 0.0000000000E+00 0.0000000000E+00 0.0000000000E+00 0.0000000000E+00 0.0000000000E+00 0.0000000000E+00 0.0000000000E+00
     2 2008 9.5028000000E+04 0.0000000000E+00 0.0000000000E+00 0.0000000000E+00 0.0000000000E+00 7.7300000000E+02 0.0000000000E+00 0.0000000000E+00 9.6500000000E+02 0.0000000000E+00 0.0000000000E+00 0.0000000000E+00 0.0000000000E+00 0.0000000000E+00 0.0000000000E+00 0.0000000000E+00 0.0000000000E+00 0.0000000000E+00
     3 2008 9.5028000000E+04 0.0000000000E+00 0.0000000000E+00 0.0000000000E+00 0.0000000000E+00 7.7300000000E+02 0.0000000000E+00 0.0000000000E+00 9.6500000000E+02 0.0000000000E+00 0.0000000000E+00 0.0000000000E+00 0.0000000000E+00 0.0000000000E+00 0.0000000000E+00 0.0000000000E+00 0.0000000000E+00 0.0000000000E+00
     4 2008 9.5028000000E+04 0.0000000000E+00 0.0000000000E+00 0.0000000000E+00 0.0000000000E+00 7.7300000000E+02 0.0000000000E+00 0.0000000000E+00 9.6500000000E+02 0.0000000000E+00 0.0000000000E+00 0.0000000000E+00 0.0000000000E+00 0.0000000000E+00 0.0000000000E+00 0.0000000000E+00 0.0000000000E+00 0.0000000000E+00
     5 2008 9.5028000000E+04 0.0000000000E+00 0.0000000000E+00 0.0000000000E+00 0.0000000000E+00 7.7300000000E+02 0.0000000000E+00 0.0000000000E+00 9.6500000000E+02 0.0000000000E+00 0.0000000000E+00 0.0000000000E+00 0.0000000000E+00 0.0000000000E+00 0.0000000000E+00 0.0000000000E+00 0.0000000000E+00 0.0000000000E+00
     6 2008 9.5028000000E+04 0.0000000000E+00 0.0000000000E+00 0.0000000000E+00 0.0000000000E+00 7.7300000000E+02 0.0000000000E+00 0.0000000000E+00 9.6500000000E+02 0.0000000000E+00 0.0000000000E+00 0.0000000000E+00 0.0000000000E+00 0.0000000000E+00 0.0000000000E+00 0.0000000000E+00 0.0000000000E+00 0.0000000000E+00
     7 2008 9.5028000000E+04 0.0000000000E+00 0.0000000000E+00 0.0000000000E+00 0.0000000000E+00 7.7300000000E+02 0.0000000000E+00 0.0000000000E+00 9.6500000000E+02 0.0000000000E+00 0.0000000000E+00 0.0000000000E+00 0.0000000000E+00 0.0000000000E+00 0.0000000000E+00 0.0000000000E+00 0.0000000000E+00 0.0000000000E+00
     8 2008 9.5028000000E+04 0.0000000000E+00 0.0000000000E+00 0.0000000000E+00 0.0000000000E+00 7.7300000000E+02 0.0000000000E+00 0.0000000000E+00 9.6500000000E+02 0.0000000000E+00 0.0000000000E+00 0.0000000000E+00 0.0000000000E+00 0.0000000000E+00 0.0000000000E+00 0.0000000000E+00 0.0000000000E+00 0.0000000000E+00
     9 2008 9.5028000000E+04 0.0000000000E+00 0.0000000000E+00 0.0000000000E+00 0.0000000000E+00 7.7300000000E+02 0.0000000000E+00 0.0000000000E+00 9.6500000000E+02 0.0000000000E+00 0.0000000000E+00 0.0000000000E+00 0.0000000000E+00 0.0000000000E+00 0.0000000000E+00 0.0000000000E+00 0.0000000000E+00 0.0000000000E+00
    10 2008 9.5028000000E+04 0.0000000000E+00 0.0000000000E+00 0.0000000000E+00 0.0000000000E+00 7.7300000000E+02 0.0000000000E+00 0.0000000000E+00 9.6500000000E+02 0.0000000000E+00 0.0000000000E+00 0.0000000000E+00 0.0000000000E+00 0.0000000000E+00 0.0000000000E+00 0.0000000000E+00 0.0000000000E+00 0.0000000000E+00
    11 2008 9.5028000000E+04 0.0000000000E+00 0.0000000000E+00 0.0000000000E+00 0.0000000000E+00 7.7300000000E+02 0.0000000000E+00 0.0000000000E+00 9.6500000000E+02 0.0000000000E+00 0.0000000000E+00 0.0000000000E+00 0.0000000000E+00 0.0000000000E+00 0.0000000000E+00 0.0000000000E+00 0.0000000000E+00 0.0000000000E+00
    12 2008 9.5028000000E+04 0.0000000000E+00 0.0000000000E+00 0.0000000000E+00 0.0000000000E+00 7.7300000000E+02 0.0000000000E+00 0.0000000000E+00 9.6500000000E+02 0.0000000000E+00 0.0000000000E+00 0.0000000000E+00 0.0000000000E+00 0.0000000000E+00 0.0000000000E+00 0.0000000000E+00 0.0000000000E+00 0.0000000000E+00
     1 2009 9.5028000000E+04 0.0000000000E+00 0.0000000000E+00 0.0000000000E+00 0.0000000000E+00 7.3000000000E+02 0.0000000000E+00 0.0000000000E+00 7.4200000000E+02 0.0000000000E+00 0.0000000000E+00 0.0000000000E+00 0.0000000000E+00 0.0000000000E+00 0.0000000000E+00 0.0000000000E+00 0.0000000000E+00 0.0000000000E+00
     2 2009 9.5028000000E+04 0.0000000000E+00 0.0000000000E+00 0.0000000000E+00 0.0000000000E+00 7.3000000000E+02 0.0000000000E+00 0.0000000000E+00 7.4200000000E+02 0.0000000000E+00 0.0000000000E+00 0.0000000000E+00 0.0000000000E+00 0.0000000000E+00 0.0000000000E+00 0.0000000000E+00 0.0000000000E+00 0.0000000000E+00
     3 2009 9.5028000000E+04 0.0000000000E+00 0.0000000000E+00 0.0000000000E+00 0.0000000000E+00 7.3000000000E+02 0.0000000000E+00 0.0000000000E+00 7.4200000000E+02 0.0000000000E+00 0.0000000000E+00 0.0000000000E+00 0.0000000000E+00 0.0000000000E+00 0.0000000000E+00 0.0000000000E+00 0.0000000000E+00 0.0000000000E+00
     4 2009 9.5028000000E+04 0.0000000000E+00 0.0000000000E+00 0.0000000000E+00 0.0000000000E+00 7.3000000000E+02 0.0000000000E+00 0.0000000000E+00 7.4200000000E+02 0.0000000000E+00 0.0000000000E+00 0.0000000000E+00 0.0000000000E+00 0.0000000000E+00 0.0000000000E+00 0.0000000000E+00 0.0000000000E+00 0.0000000000E+00
     5 2009 9.5028000000E+04 0.0000000000E+00 0.0000000000E+00 0.0000000000E+00 0.0000000000E+00 7.3000000000E+02 0.0000000000E+00 0.0000000000E+00 7.4200000000E+02 0.0000000000E+00 0.0000000000E+00 0.0000000000E+00 0.0000000000E+00 0.0000000000E+00 0.0000000000E+00 0.0000000000E+00 0.0000000000E+00 0.0000000000E+00
     6 2009 9.5028000000E+04 0.0000000000E+00 0.0000000000E+00 0.0000000000E+00 0.0000000000E+00 7.3000000000E+02 0.0000000000E+00 0.0000000000E+00 7.4200000000E+02 0.0000000000E+00 0.0000000000E+00 0.0000000000E+00 0.0000000000E+00 0.0000000000E+00 0.0000000000E+00 0.0000000000E+00 0.0000000000E+00 0.0000000000E+00
     7 2009 9.5028000000E+04 0.0000000000E+00 0.0000000000E+00 0.0000000000E+00 0.0000000000E+00 7.3000000000E+02 0.0000000000E+00 0.0000000000E+00 7.4200000000E+02 0.0000000000E+00 0.0000000000E+00 0.0000000000E+00 0.0000000000E+00 0.0000000000E+00 0.0000000000E+00 0.0000000000E+00 0.0000000000E+00 0.0000000000E+00
     8 2009 9.5028000000E+04 0.0000000000E+00 0.0000000000E+00 0.0000000000E+00 0.0000000000E+00 7.3000000000E+02 0.0000000000E+00 0.0000000000E+00 7.4200000000E+02 0.0000000000E+00 0.0000000000E+00 0.0000000000E+00 0.0000000000E+00 0.0000000000E+00 0.0000000000E+00 0.0000000000E+00 0.0000000000E+00 0.0000000000E+00
     9 2009 9.5028000000E+04 0.0000000000E+00 0.0000000000E+00 0.0000000000E+00 0.0000000000E+00 7.3000000000E+02 0.0000000000E+00 0.0000000000E+00 7.4200000000E+02 0.0000000000E+00 0.0000000000E+00 0.0000000000E+00 0.0000000000E+00 0.0000000000E+00 0.0000000000E+00 0.0000000000E+00 0.0000000000E+00 0.0000000000E+00
    10 2009 9.5028000000E+04 0.0000000000E+00 0.0000000000E+00 0.0000000000E+00 0.0000000000E+00 7.3000000000E+02 0.0000000000E+00 0.0000000000E+00 7.4200000000E+02 0.0000000000E+00 0.0000000000E+00 0.0000000000E+00 0.0000000000E+00 0.0000000000E+00 0.0000000000E+00 0.0000000000E+00 0.0000000000E+00 0.0000000000E+00
    11 2009 9.5028000000E+04 0.0000000000E+00 0.0000000000E+00 0.0000000000E+00 0.0000000000E+00 7.3000000000E+02 0.0000000000E+00 0.0000000000E+00 7.4200000000E+02 0.0000000000E+00 0.0000000000E+00 0.0000000000E+00 0.0000000000E+00 0.0000000000E+00 0.0000000000E+00 0.0000000000E+00 0.0000000000E+00 0.0000000000E+00
    12 2009 9.5028000000E+04 0.0000000000E+00 0.0000000000E+00 0.0000000000E+00 0.0000000000E+00 7.3000000000E+02 0.0000000000E+00 0.0000000000E+00 7.4200000000E+02 0.0000000000E+00 0.0000000000E+00 0.0000000000E+00 0.0000000000E+00 0.0000000000E+00 0.0000000000E+00 0.0000000000E+00 0.0000000000E+00 0.0000000000E+00
